[gd_scene load_steps=7 format=3 uid="uid://dqcgcubqjmm42"]

[ext_resource type="PackedScene" uid="uid://0t7ej0xwqcnq" path="res://meshes/character/character_anim.gltf" id="1_oolk3"]
[ext_resource type="AnimationLibrary" uid="uid://bkqpk2t4mafj6" path="res://Animations.res" id="2_7ig0a"]

[sub_resource type="AnimationNodeAnimation" id="AnimationNodeAnimation_atbvg"]
animation = &"Idle"

[sub_resource type="AnimationNodeAnimation" id="AnimationNodeAnimation_lcuhw"]
animation = &"Walk"

[sub_resource type="AnimationNodeBlend2" id="AnimationNodeBlend2_cxxw8"]

[sub_resource type="AnimationNodeBlendTree" id="AnimationNodeBlendTree_e24yd"]
graph_offset = Vector2(-439.1747, 78.62201)
nodes/output/position = Vector2(480, 180)
nodes/Idle/node = SubResource("AnimationNodeAnimation_atbvg")
nodes/Idle/position = Vector2(-113.30003, 133.29997)
nodes/Walk/node = SubResource("AnimationNodeBlend2_cxxw8")
nodes/Walk/position = Vector2(209.00006, 160.79999)
"nodes/Walk 2/node" = SubResource("AnimationNodeAnimation_lcuhw")
"nodes/Walk 2/position" = Vector2(-38.50001, 378.60004)
node_connections = [&"output", 0, &"Walk", &"Walk", 0, &"Idle", &"Walk", 1, &"Walk 2"]

[node name="AuxScene" instance=ExtResource("1_oolk3")]
transform = Transform3D(0.01, 0, 0, 0, 0.01, 0, 0, 0, 0.01, 0, 0, 0)

[node name="Skeleton3D" parent="Node" index="0"]
bones/0/position = Vector3(-0.093242764, 93.62887, 0.77484894)
bones/0/rotation = Quaternion(-0.029743567, -0.05027538, -0.027566943, 0.99791175)
bones/1/rotation = Quaternion(-0.020510072, 0.013477594, 0.021474114, 0.99946815)
bones/2/rotation = Quaternion(0.010346892, 0.0023800943, 0.014006059, 0.99984556)
bones/3/rotation = Quaternion(0.010340415, 0.002684951, 0.0142005645, 0.9998421)
bones/4/rotation = Quaternion(0.099276006, -0.001911744, 0.0043193316, 0.99504876)
bones/5/rotation = Quaternion(-0.06979367, 0.00984743, -0.0017265892, 0.99751145)
bones/6/rotation = Quaternion(-0.67838264, -0.32668042, 0.51649666, -0.4078091)
bones/7/rotation = Quaternion(0.48320526, 0.13865678, 0.061711155, 0.86225224)
bones/8/rotation = Quaternion(0.0012992476, -0.002126903, 0.012961703, 0.999913)
bones/9/rotation = Quaternion(0.06908702, -0.24422945, -0.022410331, 0.96699375)
bones/10/rotation = Quaternion(0.17281161, 0.07931315, 0.19032279, 0.9631318)
bones/11/rotation = Quaternion(-0.09720621, 0.0758218, -0.17267074, 0.97723436)
bones/12/rotation = Quaternion(-0.13265897, -0.069299236, 0.10100516, 0.98356354)
bones/13/rotation = Quaternion(0.05729616, 0.0033997237, 0.05846548, 0.99663806)
bones/14/rotation = Quaternion(0.15048182, -0.00013855657, -0.023616875, 0.9883306)
bones/15/rotation = Quaternion(0.069842845, 0.0001810173, -0.009652614, 0.9975113)
bones/16/rotation = Quaternion(0.12687886, 0.0019208733, 0.024766635, 0.9916072)
bones/17/rotation = Quaternion(0.1507407, 3.452785e-05, -0.025461698, 0.9882454)
bones/18/rotation = Quaternion(0.15939029, 0.0005705347, -0.017584441, 0.98705894)
bones/19/rotation = Quaternion(0.1734615, -0.002340417, 0.009136504, 0.9847956)
bones/20/rotation = Quaternion(0.18044926, 0.0007537678, -0.027116211, 0.9832102)
bones/21/rotation = Quaternion(0.15439843, -0.0008354188, -0.0142188715, 0.98790604)
bones/22/rotation = Quaternion(0.22340772, 0.00087096833, -0.009221735, 0.97468114)
bones/23/rotation = Quaternion(0.15047154, 0.00034291294, -0.024707653, 0.9883055)
bones/24/rotation = Quaternion(0.14274475, -0.00031808318, -0.013391831, 0.9896689)
bones/25/rotation = Quaternion(0.67782116, -0.3244448, 0.5353729, 0.3855774)
bones/26/rotation = Quaternion(0.41310996, -0.23076096, -0.08322658, 0.87701935)
bones/27/rotation = Quaternion(0.005815447, 0.0021459016, -0.05770547, 0.9983145)
bones/28/rotation = Quaternion(0.072007515, 0.13135836, 0.049465008, 0.98747814)
bones/29/rotation = Quaternion(0.17686401, -0.071768984, -0.21474302, 0.9578381)
bones/30/rotation = Quaternion(-0.08984625, -0.06260947, 0.22740725, 0.96762276)
bones/31/rotation = Quaternion(-0.16576675, 0.06447702, -0.12297724, 0.97634053)
bones/32/rotation = Quaternion(0.053461038, -0.0037603118, -0.06465505, 0.99646753)
bones/33/rotation = Quaternion(0.15102291, 0.000121466815, 0.01865123, 0.9883544)
bones/34/rotation = Quaternion(0.07009363, -0.00017217241, 0.0076187146, 0.9975114)
bones/35/rotation = Quaternion(0.12405281, -0.0030124192, -0.034332644, 0.991677)
bones/36/rotation = Quaternion(0.15130362, 0.00012186916, 0.019950124, 0.9882861)
bones/37/rotation = Quaternion(0.15998523, -0.0005618601, 0.016717112, 0.98697776)
bones/38/rotation = Quaternion(0.17101924, 0.0020241498, -0.01939262, 0.9850748)
bones/39/rotation = Quaternion(0.18115398, -0.00054478267, 0.020839809, 0.98323375)
bones/40/rotation = Quaternion(0.1550085, 0.0005562009, 0.012571096, 0.98783296)
bones/41/rotation = Quaternion(0.22154787, -0.0047917166, -0.0044203247, 0.9751277)
bones/42/rotation = Quaternion(0.15118356, -0.00012817608, 0.021024968, 0.98828214)
bones/43/rotation = Quaternion(0.14342485, -0.00026044995, 0.009023395, 0.98962003)
bones/44/rotation = Quaternion(-0.085664086, -0.041018832, 0.99523765, -0.021938467)
bones/45/rotation = Quaternion(-0.033649217, 0.08608076, -0.00793114, 0.9956882)
bones/46/rotation = Quaternion(0.49868962, 0.01418064, -0.026633566, 0.8662553)
bones/47/rotation = Quaternion(0.37318727, 0.07753589, -0.023235166, 0.92421836)
bones/48/rotation = Quaternion(0.13591842, 0.06336328, 0.98509556, -0.0842501)
bones/49/rotation = Quaternion(-0.11519792, -0.017904745, 0.018723197, 0.99300474)
bones/50/rotation = Quaternion(0.46402332, -0.028634444, -0.012696025, 0.88526905)
bones/51/rotation = Quaternion(0.36626992, -0.07530085, 0.0242258, 0.9271404)

[node name="mixamorigHead" parent="Node/Skeleton3D" index="0"]
transform = Transform3D(0.9978773, -0.050134398, -0.041564584, 0.050295252, 0.9987304, 0.0028327256, 0.04136981, -0.0049172193, 0.99913174, -0.50307006, 153.50513, -0.48241472)

[node name="mixamorigLeftHandThumb3" parent="Node/Skeleton3D" index="1"]
transform = Transform3D(0.28665942, 0.06827031, -0.95559704, -0.27071613, -0.95103437, -0.14915347, -0.9189881, 0.30145168, -0.2541412, 21.70557, 82.37192, 6.986604)

[node name="mixamorigLeftHandIndex3" parent="Node/Skeleton3D" index="2"]
transform = Transform3D(0.13616048, -0.5255785, -0.83977854, -0.024756344, -0.84921336, 0.5274696, -0.9903774, -0.051030703, -0.1286408, 23.257385, 75.72106, 6.094085)

[node name="mixamorigLeftHandMiddle3" parent="Node/Skeleton3D" index="3"]
transform = Transform3D(0.15590696, -0.75510144, -0.63680077, 0.05273485, -0.6374017, 0.7687253, -0.986363, -0.15343124, -0.0595553, 22.86192, 75.42709, 3.0515676)

[node name="mixamorigLeftHandRing3" parent="Node/Skeleton3D" index="4"]
transform = Transform3D(0.15559475, -0.8374374, -0.5239173, 0.078286916, -0.5182544, 0.85163605, -0.9847139, -0.173526, -0.0150773935, 23.04866, 76.74684, 0.6228146)

[node name="mixamorigLeftHandPinky3" parent="Node/Skeleton3D" index="5"]
transform = Transform3D(0.1684518, -0.8427634, -0.5112475, 0.10475836, -0.50041527, 0.8594245, -0.9801273, -0.19832908, 0.0039905496, 23.226673, 78.66773, -1.6580157)

[node name="mixamorigRightHandThumb3" parent="Node/Skeleton3D" index="6"]
transform = Transform3D(0.51466167, -0.028866976, 0.8569071, 0.24016312, -0.95457053, -0.17639989, 0.82307035, 0.29658365, -0.48434782, -19.4518, 80.23869, 3.5657935)

[node name="mixamorigRightHandIndex3" parent="Node/Skeleton3D" index="7"]
transform = Transform3D(0.388479, 0.5073044, 0.7692375, 0.034052484, -0.84213877, 0.5381848, 0.92082804, -0.182879, -0.34442806, -21.072765, 73.36592, 3.0778632)

[node name="mixamorigRightHandMiddle3" parent="Node/Skeleton3D" index="8"]
transform = Transform3D(0.40643877, 0.70212626, 0.584659, -0.038191706, -0.6262814, 0.7786611, 0.91287935, -0.3388071, -0.22772953, -21.345942, 73.35349, 0.12949723)

[node name="mixamorigRightHandRing3" parent="Node/Skeleton3D" index="9"]
transform = Transform3D(0.40102774, 0.7771406, 0.4850044, -0.060925405, -0.5056439, 0.8605884, 0.9140375, -0.37466878, -0.15542954, -22.30099, 74.590706, -2.1852841)

[node name="mixamorigRightHandPinky3" parent="Node/Skeleton3D" index="10"]
transform = Transform3D(0.41549256, 0.7765187, 0.47369248, -0.080122314, -0.48750344, 0.86943704, 0.90606076, -0.39919782, -0.14033751, -22.9402, 76.744, -4.294355)

[node name="mixamorigRightToeBase" parent="Node/Skeleton3D" index="11"]
transform = Transform3D(-0.838272, -0.54473245, 0.023807913, -0.07720435, 0.16180494, 0.98379827, -0.5397589, 0.82285225, -0.1776923, -16.051273, 1.4569654, 8.396196)

[node name="mixamorigLeftToeBase" parent="Node/Skeleton3D" index="12"]
transform = Transform3D(-0.93575454, 0.3521106, 0.019526973, 0.06527832, 0.11853394, 0.99080193, 0.34655726, 0.9284222, -0.13390395, 21.058273, 1.4693918, 19.241425)

[node name="AnimationPlayer" parent="." index="1"]
libraries = {
&"": ExtResource("2_7ig0a")
}
autoplay = "Idle"

[node name="AnimationTree" type="AnimationTree" parent="." index="2"]
tree_root = SubResource("AnimationNodeBlendTree_e24yd")
anim_player = NodePath("../AnimationPlayer")
parameters/Walk/blend_amount = 0.0
