[gd_scene load_steps=16 format=3 uid="uid://dwemwfx7wx1k8"]

[ext_resource type="PackedScene" uid="uid://dqw8f5rjx5o66" path="res://meshes/character/player.tscn" id="1_dyl4d"]
[ext_resource type="Script" uid="uid://be21ont2ec7ug" path="res://meshes/character/models/character_anim.gd" id="2_km2bi"]

[sub_resource type="ProceduralSkyMaterial" id="ProceduralSkyMaterial_dyl4d"]
sky_horizon_color = Color(0.66224277, 0.6717428, 0.6867428, 1)
ground_horizon_color = Color(0.66224277, 0.6717428, 0.6867428, 1)

[sub_resource type="Sky" id="Sky_km2bi"]
sky_material = SubResource("ProceduralSkyMaterial_dyl4d")

[sub_resource type="Environment" id="Environment_5hk42"]
background_mode = 2
background_energy_multiplier = 0.0
sky = SubResource("Sky_km2bi")
tonemap_mode = 2

[sub_resource type="BoxShape3D" id="BoxShape3D_5hk42"]
size = Vector3(10, 0.1, 10)

[sub_resource type="BoxMesh" id="BoxMesh_ob7o4"]
size = Vector3(0.465, 0.1, 0.65)

[sub_resource type="StandardMaterial3D" id="StandardMaterial3D_dyl4d"]
albedo_color = Color(0.2904646, 0.17589527, 0.050290637, 0)

[sub_resource type="AnimationNodeAnimation" id="AnimationNodeAnimation_5hk42"]
animation = &"Idle"

[sub_resource type="AnimationNodeAnimation" id="AnimationNodeAnimation_ob7o4"]
animation = &"Walk"

[sub_resource type="AnimationNodeAnimation" id="AnimationNodeAnimation_1ns3a"]
animation = &"Run"

[sub_resource type="AnimationNodeBlendSpace1D" id="AnimationNodeBlendSpace1D_v4mvp"]
blend_point_0/node = SubResource("AnimationNodeAnimation_5hk42")
blend_point_0/pos = -1.0
blend_point_1/node = SubResource("AnimationNodeAnimation_ob7o4")
blend_point_1/pos = 0.0
blend_point_2/node = SubResource("AnimationNodeAnimation_1ns3a")
blend_point_2/pos = 1.0

[sub_resource type="AnimationNodeBlendTree" id="AnimationNodeBlendTree_qu338"]
graph_offset = Vector2(-639, -19)
nodes/output/position = Vector2(200, 160)
nodes/BlendSpace1D/node = SubResource("AnimationNodeBlendSpace1D_v4mvp")
nodes/BlendSpace1D/position = Vector2(-140.8, 150.70001)
node_connections = [&"output", 0, &"BlendSpace1D"]

[sub_resource type="BoxMesh" id="BoxMesh_km2bi"]
size = Vector3(0.82, 1.765, 11.82)

[sub_resource type="StandardMaterial3D" id="StandardMaterial3D_km2bi"]
albedo_color = Color(0.44291073, 0.4429108, 0.4429106, 1)

[node name="MainMap" type="Node3D"]

[node name="WorldEnvironment" type="WorldEnvironment" parent="."]
environment = SubResource("Environment_5hk42")

[node name="Floor" type="StaticBody3D" parent="."]
transform = Transform3D(1, 0, 0, 0, 1, 0, 0, 0, 1, 0, -0.37084818, 0)

[node name="CollisionShape3D" type="CollisionShape3D" parent="Floor"]
transform = Transform3D(1, 0, 0, 0, 1, 0, 0, 0, 1, 0, 0.2669418, 0)
shape = SubResource("BoxShape3D_5hk42")

[node name="MeshInstance3D" type="MeshInstance3D" parent="Floor"]
transform = Transform3D(15, 0, 0, 0, 1, 0, 0, 0, 15, 0.59353733, 0.8111197, 0.024286985)
mesh = SubResource("BoxMesh_ob7o4")
surface_material_override/0 = SubResource("StandardMaterial3D_dyl4d")

[node name="Player" parent="." instance=ExtResource("1_dyl4d")]
transform = Transform3D(-0.9999125, 0, 0.013229135, 0, 1, 0, -0.013229135, 0, -0.9999125, 0, 1.3365803, 0)

[node name="Mesh" parent="Player" index="1"]
script = ExtResource("2_km2bi")

[node name="Skeleton3D" parent="Player/Mesh/Node" index="0"]
bones/0/position = Vector3(0.088359356, 93.61317, 0.3536039)
bones/0/rotation = Quaternion(-0.031355742, -0.046149105, -0.027761748, 0.99805635)
bones/1/rotation = Quaternion(-0.021376839, 0.011640318, 0.021391746, 0.9994749)
bones/2/rotation = Quaternion(0.010074249, 0.0014316611, 0.013736438, 0.99985397)
bones/3/rotation = Quaternion(0.0098522855, 0.0016221593, 0.013784152, 0.9998552)
bones/4/rotation = Quaternion(0.099279255, -0.0010916723, 0.00388196, 0.99505144)
bones/5/rotation = Quaternion(-0.06576307, 0.011703118, -0.0016175848, 0.9977653)
bones/6/rotation = Quaternion(-0.67933905, -0.3254291, 0.5159362, -0.40792692)
bones/7/rotation = Quaternion(0.48239744, 0.14175342, 0.058990408, 0.8623914)
bones/8/rotation = Quaternion(0.0012544409, -0.0021008279, 0.01296455, 0.999913)
bones/9/rotation = Quaternion(0.07077046, -0.24454476, -0.021945465, 0.9668029)
bones/10/rotation = Quaternion(0.1724218, 0.079338655, 0.19047341, 0.96316975)
bones/11/rotation = Quaternion(-0.09630514, 0.07549053, -0.17249186, 0.97738075)
bones/12/rotation = Quaternion(-0.13303879, -0.06883042, 0.10181312, 0.9834618)
bones/13/rotation = Quaternion(0.058212314, 0.0032865766, 0.05836624, 0.9965912)
bones/14/rotation = Quaternion(0.1509796, -0.00019695835, -0.023677513, 0.9882533)
bones/15/rotation = Quaternion(0.07020881, 0.0001820554, -0.009700914, 0.99748516)
bones/16/rotation = Quaternion(0.12782285, 0.0018256195, 0.024597002, 0.99149036)
bones/17/rotation = Quaternion(0.15132087, -3.0122072e-05, -0.025528284, 0.988155)
bones/18/rotation = Quaternion(0.1594802, 0.00057077454, -0.017596344, 0.9870442)
bones/19/rotation = Quaternion(0.17420284, -0.0023907956, 0.008790248, 0.9846677)
bones/20/rotation = Quaternion(0.18129951, 0.00067335047, -0.02721903, 0.983051)
bones/21/rotation = Quaternion(0.15431032, -0.0008351789, -0.014205935, 0.9879199)
bones/22/rotation = Quaternion(0.22377148, 0.0008603195, -0.00934083, 0.97459656)
bones/23/rotation = Quaternion(0.15093865, 0.00029167018, -0.024751585, 0.9882332)
bones/24/rotation = Quaternion(0.14288194, -0.00031823735, -0.0134119475, 0.9896489)
bones/25/rotation = Quaternion(0.6764967, -0.3262161, 0.5351289, 0.38674596)
bones/26/rotation = Quaternion(0.41223788, -0.2306746, -0.085533485, 0.8772305)
bones/27/rotation = Quaternion(0.0059132627, 0.0021195007, -0.05845731, 0.99827015)
bones/28/rotation = Quaternion(0.071999766, 0.12951823, 0.048698105, 0.98775995)
bones/29/rotation = Quaternion(0.17660417, -0.07154835, -0.21500432, 0.95784396)
bones/30/rotation = Quaternion(-0.08933569, -0.062385745, 0.22734159, 0.9676998)
bones/31/rotation = Quaternion(-0.16556978, 0.06369881, -0.12358158, 0.97634864)
bones/32/rotation = Quaternion(0.054144092, -0.0036751924, -0.064572446, 0.99643636)
bones/33/rotation = Quaternion(0.15201822, 0.00025617733, 0.018727798, 0.9882002)
bones/34/rotation = Quaternion(0.0705413, -0.00017342129, 0.007663817, 0.99747944)
bones/35/rotation = Quaternion(0.12492032, -0.0029158383, -0.034189045, 0.9915733)
bones/36/rotation = Quaternion(0.15217437, 0.00023513123, 0.02000847, 0.9881511)
bones/37/rotation = Quaternion(0.15982214, -0.0005612254, 0.016700968, 0.98700446)
bones/38/rotation = Quaternion(0.17189562, 0.0021389097, -0.019085659, 0.98492795)
bones/39/rotation = Quaternion(0.1816939, -0.00047199917, 0.020878917, 0.9831334)
bones/40/rotation = Quaternion(0.15497574, 0.0005561317, 0.012567312, 0.9878382)
bones/41/rotation = Quaternion(0.2223046, -0.0047557754, -0.0043334984, 0.97495604)
bones/42/rotation = Quaternion(0.15206914, 6.298148e-06, 0.021039447, 0.9881459)
bones/43/rotation = Quaternion(0.14382868, -0.00026081566, 0.009067125, 0.989561)
bones/44/rotation = Quaternion(-0.08590469, -0.036112178, 0.995422, -0.021247242)
bones/45/rotation = Quaternion(-0.042679537, 0.08537352, -0.008585433, 0.99539757)
bones/46/rotation = Quaternion(0.5004891, 0.018100657, -0.028001063, 0.8651006)
bones/47/rotation = Quaternion(0.37417096, 0.077607274, -0.023204379, 0.9238154)
bones/48/rotation = Quaternion(0.13307571, 0.06545846, 0.98549044, -0.08255162)
bones/49/rotation = Quaternion(-0.11658504, -0.016810503, 0.019024039, 0.9928562)
bones/50/rotation = Quaternion(0.463672, -0.028062094, -0.011858573, 0.8854831)
bones/51/rotation = Quaternion(0.36608714, -0.07529659, 0.02423298, 0.9272128)

[node name="mixamorigHead" parent="Player/Mesh/Node/Skeleton3D" index="0"]
transform = Transform3D(0.998212, -0.048273657, -0.03524758, 0.04834895, 0.9988297, 0.001286298, 0.035144217, -0.0029882044, 0.99937785, -0.25350308, 153.49135, -1.216197)

[node name="mixamorigLeftHandThumb3" parent="Player/Mesh/Node/Skeleton3D" index="1"]
transform = Transform3D(0.28947103, 0.06441899, -0.9550164, -0.27275762, -0.9508155, -0.14681004, -0.91750187, 0.3029853, -0.2576626, 21.925144, 82.31834, 6.359295)

[node name="mixamorigLeftHandIndex3" parent="Player/Mesh/Node/Skeleton3D" index="2"]
transform = Transform3D(0.13938251, -0.5299891, -0.8364711, -0.024141729, -0.8462844, 0.53218406, -0.98994404, -0.053983178, -0.13075203, 23.455786, 75.66911, 5.464174)

[node name="mixamorigLeftHandMiddle3" parent="Player/Mesh/Node/Skeleton3D" index="3"]
transform = Transform3D(0.15940751, -0.7578204, -0.6326903, 0.0533513, -0.633336, 0.7720357, -0.9857702, -0.156823, -0.060527723, 23.06893, 75.380394, 2.4191604)

[node name="mixamorigLeftHandRing3" parent="Player/Mesh/Node/Skeleton3D" index="4"]
transform = Transform3D(0.15930228, -0.8393395, -0.51974183, 0.079286285, -0.51388705, 0.85418594, -0.98404086, -0.17728204, -0.01531522, 23.271055, 76.701355, -0.009217292)

[node name="mixamorigLeftHandPinky3" parent="Player/Mesh/Node/Skeleton3D" index="5"]
transform = Transform3D(0.17218675, -0.84398246, -0.5079813, 0.10523596, -0.49697167, 0.8613619, -0.9794269, -0.20177281, 0.0032453984, 23.46659, 78.61911, -2.2851365)

[node name="mixamorigRightHandThumb3" parent="Player/Mesh/Node/Skeleton3D" index="6"]
transform = Transform3D(0.52028567, -0.030258179, 0.853456, 0.24971575, -0.9503024, -0.18592405, 0.8166671, 0.30985495, -0.4868729, -19.59887, 80.394005, 3.564905)

[node name="mixamorigRightHandIndex3" parent="Player/Mesh/Node/Skeleton3D" index="7"]
transform = Transform3D(0.39310986, 0.5054579, 0.76809955, 0.04360129, -0.8446602, 0.5335246, 0.9184572, -0.17624378, -0.3540829, -21.245369, 73.52755, 3.164659)

[node name="mixamorigRightHandMiddle3" parent="Player/Mesh/Node/Skeleton3D" index="8"]
transform = Transform3D(0.41072795, 0.6991622, 0.58521354, -0.028774817, -0.6315923, 0.7747668, 0.91130376, -0.3350579, -0.23929438, -21.531776, 73.48168, 0.21683937)

[node name="mixamorigRightHandRing3" parent="Player/Mesh/Node/Skeleton3D" index="9"]
transform = Transform3D(0.405303, 0.77400637, 0.4864605, -0.051781483, -0.51183486, 0.857522, 0.9127147, -0.37274602, -0.16736901, -22.497644, 74.692795, -2.1078272)

[node name="mixamorigRightHandPinky3" parent="Player/Mesh/Node/Skeleton3D" index="10"]
transform = Transform3D(0.4196929, 0.77401036, 0.47409463, -0.07076136, -0.49283195, 0.8672427, 0.9049037, -0.39752337, -0.15206806, -23.137783, 76.82187, -4.238618)

[node name="mixamorigRightToeBase" parent="Player/Mesh/Node/Skeleton3D" index="11"]
transform = Transform3D(-0.8390165, -0.54354787, 0.024640203, -0.077083476, 0.1635704, 0.9835156, -0.5386182, 0.8232865, -0.17913684, -16.015244, 1.4525166, 8.380556)

[node name="mixamorigLeftToeBase" parent="Player/Mesh/Node/Skeleton3D" index="12"]
transform = Transform3D(-0.9356302, 0.35235512, 0.021019861, 0.06751336, 0.12018645, 0.9904531, 0.3464649, 0.92811704, -0.13623881, 20.997272, 1.4940128, 19.213205)

[node name="AnimationTree" type="AnimationTree" parent="Player/Mesh" index="2"]
tree_root = SubResource("AnimationNodeBlendTree_qu338")
anim_player = NodePath("../AnimationPlayer")
parameters/BlendSpace1D/blend_position = -0.9950779

[node name="DirectionalLight3D" type="DirectionalLight3D" parent="."]
transform = Transform3D(0.99078107, -0.13126893, 0.03348929, 0.08189399, 0.77726245, 0.6238241, -0.1079187, -0.61533046, 0.780847, 0, 2.7950294, -3.8068964)
shadow_enabled = true
directional_shadow_split_1 = 0.04

[node name="Wall1" type="MeshInstance3D" parent="."]
transform = Transform3D(0.24755347, 0, 0, 0, 1.6817756, 0, 0, 0, 0.8378325, 4.152892, 1.8735204, 0)
mesh = SubResource("BoxMesh_km2bi")
surface_material_override/0 = SubResource("StandardMaterial3D_km2bi")

[node name="Wall" type="MeshInstance3D" parent="."]
transform = Transform3D(0.24755347, 0, 0, 0, 1.6817756, 0, 0, 0, 0.8378325, -2.770756, 1.8735204, 0)
mesh = SubResource("BoxMesh_km2bi")
surface_material_override/0 = SubResource("StandardMaterial3D_km2bi")

[node name="Wall2" type="MeshInstance3D" parent="."]
transform = Transform3D(-1.0820906e-08, 0, 0.60769844, 0, 1.6817756, 0, -0.24755347, 0, -2.6563344e-08, 0.67429256, 1.8735204, -4.862115)
mesh = SubResource("BoxMesh_km2bi")
surface_material_override/0 = SubResource("StandardMaterial3D_km2bi")

[node name="Wall3" type="MeshInstance3D" parent="."]
transform = Transform3D(-1.0820906e-08, 0, 0.5948301, 0, 1.6817756, 0, -0.24755347, 0, -2.600085e-08, 0.64857316, 1.8735204, 4.9290066)
mesh = SubResource("BoxMesh_km2bi")
surface_material_override/0 = SubResource("StandardMaterial3D_km2bi")

[node name="OmniLight3D" type="OmniLight3D" parent="."]
transform = Transform3D(1, 0, 0, 0, 1, 0, 0, 0, 1, 1.052366, 2.980933, 0.018387556)
light_energy = 3.3
omni_range = 11.245

[node name="Floor2" type="StaticBody3D" parent="."]
transform = Transform3D(1, 0, 0, 0, 1, 0, 0, 0, 1, 0, 2.4861994, 0)

[node name="CollisionShape3D" type="CollisionShape3D" parent="Floor2"]
transform = Transform3D(1, 0, 0, 0, 1, 0, 0, 0, 1, 0, 0.7067168, 0)
shape = SubResource("BoxShape3D_5hk42")

[node name="MeshInstance3D" type="MeshInstance3D" parent="Floor2"]
transform = Transform3D(15, 0, 0, 0, 1, 0, 0, 0, 15, 0.59353733, 0.8111197, 0.024286985)
mesh = SubResource("BoxMesh_ob7o4")
skeleton = NodePath("../../Floor2")
surface_material_override/0 = SubResource("StandardMaterial3D_dyl4d")

[editable path="Player"]
[editable path="Player/Mesh"]
