[gd_scene load_steps=9 format=3 uid="uid://dwemwfx7wx1k8"]

[ext_resource type="PackedScene" uid="uid://dqw8f5rjx5o66" path="res://meshes/character/player.tscn" id="1_dyl4d"]
[ext_resource type="AnimationLibrary" uid="uid://bkqpk2t4mafj6" path="res://meshes/character/Anims/Animations.res" id="2_km2bi"]

[sub_resource type="BoxShape3D" id="BoxShape3D_5hk42"]
size = Vector3(15, 1, 15)

[sub_resource type="BoxMesh" id="BoxMesh_ob7o4"]

[sub_resource type="StandardMaterial3D" id="StandardMaterial3D_dyl4d"]
albedo_color = Color(0.66321856, 0.66277754, 0.7407886, 1)

[sub_resource type="Environment" id="Environment_km2bi"]
background_mode = 1
background_color = Color(0.3382641, 0.7035315, 0.9805612, 1)

[sub_resource type="CameraAttributesPractical" id="CameraAttributesPractical_dyl4d"]

[sub_resource type="AnimationNodeStateMachine" id="AnimationNodeStateMachine_5hk42"]

[node name="MainMap" type="Node3D"]

[node name="Floor" type="StaticBody3D" parent="."]

[node name="CollisionShape3D" type="CollisionShape3D" parent="Floor"]
shape = SubResource("BoxShape3D_5hk42")

[node name="MeshInstance3D" type="MeshInstance3D" parent="Floor"]
transform = Transform3D(15, 0, 0, 0, 1, 0, 0, 0, 15, 0, 0, 0)
mesh = SubResource("BoxMesh_ob7o4")
surface_material_override/0 = SubResource("StandardMaterial3D_dyl4d")

[node name="WorldEnvironment" type="WorldEnvironment" parent="."]
environment = SubResource("Environment_km2bi")
camera_attributes = SubResource("CameraAttributesPractical_dyl4d")

[node name="Player" parent="." instance=ExtResource("1_dyl4d")]
transform = Transform3D(1, 0, 0, 0, 1, 0, 0, 0, 1, 0, 1.3722062, 0)

[node name="Skeleton3D" parent="Player/Mesh/Node" index="0"]
bones/0/position = Vector3(1.3990558, 93.37944, 7.595427)
bones/0/rotation = Quaternion(0.036167677, 0.041388385, -0.0004988279, 0.9984882)
bones/1/rotation = Quaternion(-0.025030488, 0.035736203, -0.004032566, 0.9990396)
bones/2/rotation = Quaternion(0.05105173, 0.08389322, -0.0058001317, 0.99514925)
bones/3/rotation = Quaternion(0.051051732, 0.08389329, -0.005800134, 0.99514925)
bones/4/rotation = Quaternion(0.036973782, -0.071219236, 0.009468748, 0.9967302)
bones/5/rotation = Quaternion(-0.05565736, -0.16984728, -0.023355043, 0.9836202)
bones/6/rotation = Quaternion(-0.55903983, -0.43144357, 0.5933002, -0.38642687)
bones/7/rotation = Quaternion(0.27125263, 0.11771807, -0.27823353, 0.91386575)
bones/8/rotation = Quaternion(0.10726822, 0.15333796, 0.6190009, 0.76277053)
bones/9/rotation = Quaternion(0.0050322926, 0.14430338, 0.13364127, 0.9804546)
bones/10/rotation = Quaternion(0.2597819, 0.06340714, 0.27698213, 0.92291594)
bones/11/rotation = Quaternion(-0.006679224, -0.005601478, -0.036300074, 0.9993029)
bones/12/rotation = Quaternion(-0.0011122916, -0.009204166, 0.101441674, 0.9947983)
bones/13/rotation = Quaternion(0.51928675, 0.024576375, 0.080632575, 0.85043263)
bones/14/rotation = Quaternion(0.5856803, -0.012366877, 0.029566212, 0.80990833)
bones/15/rotation = Quaternion(6.819494e-08, -1.6978738e-05, -0.00043349297, 0.9999999)
bones/16/rotation = Quaternion(0.545835, 0.017074754, 0.06876161, 0.83489186)
bones/17/rotation = Quaternion(0.54061955, -0.0032987972, 0.032770086, 0.84062225)
bones/18/rotation = Quaternion(-3.8605052e-07, 0.00014290451, 0.003472931, 0.999994)
bones/19/rotation = Quaternion(0.57737243, -0.01917098, -0.0014766097, 0.8162545)
bones/20/rotation = Quaternion(0.56130004, 0.006428649, 0.016113846, 0.8274305)
bones/21/rotation = Quaternion(-1.0736597e-06, -0.00041020417, 0.008346059, 0.9999651)
bones/22/rotation = Quaternion(0.6160347, -0.051951107, -0.04418621, 0.7847611)
bones/23/rotation = Quaternion(0.62794256, 0.026493728, 0.020934774, 0.77752686)
bones/24/rotation = Quaternion(-1.7307286e-07, -0.00015592285, 0.00746141, 0.99997216)
bones/25/rotation = Quaternion(0.6239233, -0.377868, 0.5460688, 0.4120005)
bones/26/rotation = Quaternion(0.34201038, 0.03364271, 0.052496865, 0.9376253)
bones/27/rotation = Quaternion(0.15184148, 0.029986264, -0.7842059, 0.6008878)
bones/28/rotation = Quaternion(0.11802319, -0.010172059, -0.18037541, 0.97643834)
bones/29/rotation = Quaternion(0.27502686, -0.09067719, -0.2199034, 0.9315473)
bones/30/rotation = Quaternion(-0.0040109847, 0.008030935, 0.0912491, 0.9957876)
bones/31/rotation = Quaternion(-0.00096628215, 0.008399126, -0.12932768, 0.9915659)
bones/32/rotation = Quaternion(0.6456149, -0.07601623, -0.041111022, 0.7587574)
bones/33/rotation = Quaternion(0.76981366, 0.017593276, -0.04221026, 0.6366284)
bones/34/rotation = Quaternion(1.1340268e-07, 2.3198738e-05, 0.000555461, 0.9999998)
bones/35/rotation = Quaternion(0.68225205, -0.03155575, -0.061042923, 0.7278806)
bones/36/rotation = Quaternion(0.7341474, 0.00630176, -0.044487935, 0.67750174)
bones/37/rotation = Quaternion(1.983299e-07, 5.9744587e-05, 0.0008692848, 0.99999964)
bones/38/rotation = Quaternion(0.7299962, 0.011031564, -0.025568731, 0.6828837)
bones/39/rotation = Quaternion(0.75004303, -0.00711699, -0.044540487, 0.65984917)
bones/40/rotation = Quaternion(-4.992675e-07, 0.00022943312, -0.005272287, 0.99998605)
bones/41/rotation = Quaternion(0.80095553, 0.043266952, -0.008211019, 0.5971019)
bones/42/rotation = Quaternion(0.8000601, -0.034601305, -0.06683707, 0.5951801)
bones/43/rotation = Quaternion(-1.986609e-07, -0.00012946443, -0.0064401478, 0.99997926)
bones/44/rotation = Quaternion(-0.08289167, -0.22215821, 0.97054857, 0.04254586)
bones/45/rotation = Quaternion(-0.33438528, 0.006037465, -0.0050000194, 0.94240385)
bones/46/rotation = Quaternion(0.27120066, 0.048147675, 0.07253084, 0.95857775)
bones/47/rotation = Quaternion(0.40821764, 0.029937858, 0.006379494, 0.9123713)
bones/48/rotation = Quaternion(-0.04829038, 0.31378692, 0.9477518, 0.031181479)
bones/49/rotation = Quaternion(-0.18230663, -0.021926163, -0.022923421, 0.9827299)
bones/50/rotation = Quaternion(0.6308371, -0.008270792, 0.034357816, 0.7751101)
bones/51/rotation = Quaternion(0.3514905, -0.09190889, -0.019985901, 0.93145466)

[node name="mixamorigHead" parent="Player/Mesh/Node/Skeleton3D" index="0"]
transform = Transform3D(0.99136853, 0.13103056, 0.0044362545, -0.1285107, 0.9778889, -0.16497919, -0.025955588, 0.16298506, 0.9862871, 5.2009993, 152.32263, 17.191711)

[node name="mixamorigLeftHandThumb3" parent="Player/Mesh/Node/Skeleton3D" index="1"]
transform = Transform3D(0.3442184, -0.4963849, -0.79694164, -0.86638325, -0.4950142, -0.06588625, -0.36179253, 0.71313626, -0.6004523, 24.9487, 101.43175, -4.650813)

[node name="mixamorigLeftHandIndex3" parent="Player/Mesh/Node/Skeleton3D" index="2"]
transform = Transform3D(0.31874007, -0.8015442, 0.5058971, -0.53639615, 0.2875084, 0.79348475, -0.78146267, -0.5242765, -0.33830485, 26.376623, 99.03089, -6.197215)

[node name="mixamorigLeftHandMiddle3" parent="Player/Mesh/Node/Skeleton3D" index="3"]
transform = Transform3D(0.296914, -0.83374655, 0.46552002, -0.5293565, 0.26202795, 0.8069219, -0.7947477, -0.4860123, -0.3635494, 26.890331, 97.8853, -8.408921)

[node name="mixamorigLeftHandRing3" parent="Player/Mesh/Node/Skeleton3D" index="4"]
transform = Transform3D(0.30058268, -0.80165195, 0.5167247, -0.39678934, 0.38755947, 0.8320792, -0.8672995, -0.45513925, -0.20159335, 28.835743, 97.52902, -10.249798)

[node name="mixamorigLeftHandPinky3" parent="Player/Mesh/Node/Skeleton3D" index="5"]
transform = Transform3D(0.2593833, -0.6655753, 0.69980687, -0.3327004, 0.6186733, 0.7117258, -0.9066592, -0.41743565, -0.06096381, 29.99163, 98.10143, -12.540377)

[node name="mixamorigRightHandThumb3" parent="Player/Mesh/Node/Skeleton3D" index="6"]
transform = Transform3D(-0.5100107, 0.85713995, 0.07211355, 0.7071101, 0.46552032, -0.5322462, -0.48977983, -0.22045912, -0.8435128, 0.4505794, 123.82564, 38.76632)

[node name="mixamorigRightHandIndex3" parent="Player/Mesh/Node/Skeleton3D" index="7"]
transform = Transform3D(-0.14572997, -0.8452566, -0.5141051, 0.9221672, -0.30425122, 0.23882826, -0.35828832, -0.4392864, 0.82380646, -0.7872946, 121.92796, 40.826546)

[node name="mixamorigRightHandMiddle3" parent="Player/Mesh/Node/Skeleton3D" index="8"]
transform = Transform3D(-0.19282734, -0.8411525, -0.50525266, 0.947558, -0.29336593, 0.1267688, -0.2548558, -0.4543117, 0.8536098, -1.284888, 119.64407, 41.028816)

[node name="mixamorigRightHandRing3" parent="Player/Mesh/Node/Skeleton3D" index="9"]
transform = Transform3D(-0.10657854, -0.93128955, -0.3483404, 0.9780324, -0.1613116, 0.13202737, -0.17914705, -0.32661673, 0.92802364, -1.2791352, 118.02442, 42.888447)

[node name="mixamorigRightHandPinky3" parent="Player/Mesh/Node/Skeleton3D" index="10"]
transform = Transform3D(-0.03407865, -0.99898, 0.029633543, 0.9967726, -0.03181718, 0.07370318, -0.072685115, 0.032049503, 0.9968401, -2.3912718, 116.02434, 43.666092)

[node name="mixamorigRightToeBase" parent="Player/Mesh/Node/Skeleton3D" index="11"]
transform = Transform3D(-0.9504613, -0.18499067, -0.24980405, 0.12879673, -0.96577436, 0.22514817, -0.28290454, 0.1818206, 0.941757, -10.412915, 25.37091, -57.047745)

[node name="mixamorigLeftToeBase" parent="Player/Mesh/Node/Skeleton3D" index="12"]
transform = Transform3D(-0.9747746, 0.11428647, 0.19171132, 0.21937868, 0.64870954, 0.72873145, -0.041080818, 0.752406, -0.6574174, 5.8862767, 17.675238, 51.58431)

[node name="AnimationTree2" type="AnimationTree" parent="Player"]
root_node = NodePath("../Mesh")
tree_root = SubResource("AnimationNodeStateMachine_5hk42")
anim_player = NodePath("../AnimationPlayer")

[node name="AnimationPlayer2" type="AnimationPlayer" parent="Player"]
libraries = {
&"Animations": ExtResource("2_km2bi")
}

[node name="DirectionalLight3D" type="DirectionalLight3D" parent="."]
transform = Transform3D(1, 0, 0, 0, 0.93452173, 0.3559063, 0, -0.3559063, 0.93452173, 0, 2.335019, -3.8068964)
shadow_enabled = true
directional_shadow_mode = 1

[editable path="Player"]
[editable path="Player/Mesh"]
