[gd_scene load_steps=16 format=3 uid="uid://dwemwfx7wx1k8"]

[ext_resource type="PackedScene" uid="uid://dqw8f5rjx5o66" path="res://meshes/character/player.tscn" id="1_dyl4d"]
[ext_resource type="Script" uid="uid://be21ont2ec7ug" path="res://meshes/character/models/character_anim.gd" id="2_km2bi"]

[sub_resource type="ProceduralSkyMaterial" id="ProceduralSkyMaterial_dyl4d"]
sky_horizon_color = Color(0.66224277, 0.6717428, 0.6867428, 1)
ground_horizon_color = Color(0.66224277, 0.6717428, 0.6867428, 1)

[sub_resource type="Sky" id="Sky_km2bi"]
sky_material = SubResource("ProceduralSkyMaterial_dyl4d")

[sub_resource type="Environment" id="Environment_5hk42"]
background_mode = 2
background_energy_multiplier = 0.0
sky = SubResource("Sky_km2bi")
tonemap_mode = 2

[sub_resource type="BoxShape3D" id="BoxShape3D_5hk42"]
size = Vector3(10, 0.1, 10)

[sub_resource type="BoxMesh" id="BoxMesh_ob7o4"]
size = Vector3(0.465, 0.1, 0.65)

[sub_resource type="StandardMaterial3D" id="StandardMaterial3D_dyl4d"]
albedo_color = Color(0.2904646, 0.17589527, 0.050290637, 0)

[sub_resource type="AnimationNodeAnimation" id="AnimationNodeAnimation_5hk42"]
animation = &"Idle"

[sub_resource type="AnimationNodeAnimation" id="AnimationNodeAnimation_ob7o4"]
animation = &"Walk"

[sub_resource type="AnimationNodeAnimation" id="AnimationNodeAnimation_1ns3a"]
animation = &"Run"

[sub_resource type="AnimationNodeBlendSpace1D" id="AnimationNodeBlendSpace1D_v4mvp"]
blend_point_0/node = SubResource("AnimationNodeAnimation_5hk42")
blend_point_0/pos = -1.0
blend_point_1/node = SubResource("AnimationNodeAnimation_ob7o4")
blend_point_1/pos = 0.0
blend_point_2/node = SubResource("AnimationNodeAnimation_1ns3a")
blend_point_2/pos = 1.0

[sub_resource type="AnimationNodeBlendTree" id="AnimationNodeBlendTree_qu338"]
graph_offset = Vector2(-639, -19)
nodes/output/position = Vector2(200, 160)
nodes/BlendSpace1D/node = SubResource("AnimationNodeBlendSpace1D_v4mvp")
nodes/BlendSpace1D/position = Vector2(-140.8, 150.70001)
node_connections = [&"output", 0, &"BlendSpace1D"]

[sub_resource type="BoxMesh" id="BoxMesh_km2bi"]
size = Vector3(0.82, 1.765, 11.82)

[sub_resource type="StandardMaterial3D" id="StandardMaterial3D_km2bi"]
albedo_color = Color(0.44291073, 0.4429108, 0.4429106, 1)

[node name="MainMap" type="Node3D"]

[node name="WorldEnvironment" type="WorldEnvironment" parent="."]
environment = SubResource("Environment_5hk42")

[node name="Floor" type="StaticBody3D" parent="."]
transform = Transform3D(1, 0, 0, 0, 1, 0, 0, 0, 1, 0, -0.37084818, 0)

[node name="CollisionShape3D" type="CollisionShape3D" parent="Floor"]
transform = Transform3D(1, 0, 0, 0, 1, 0, 0, 0, 1, 0, 0.2669418, 0)
shape = SubResource("BoxShape3D_5hk42")

[node name="MeshInstance3D" type="MeshInstance3D" parent="Floor"]
transform = Transform3D(15, 0, 0, 0, 1, 0, 0, 0, 15, 0.59353733, 0.8111197, 0.024286985)
mesh = SubResource("BoxMesh_ob7o4")
surface_material_override/0 = SubResource("StandardMaterial3D_dyl4d")

[node name="Player" parent="." instance=ExtResource("1_dyl4d")]
transform = Transform3D(-0.9999125, 0, 0.013229135, 0, 1, 0, -0.013229135, 0, -0.9999125, 0, 1.3722062, 0)

[node name="Mesh" parent="Player" index="1"]
script = ExtResource("2_km2bi")

[node name="Skeleton3D" parent="Player/Mesh/Node" index="0"]
bones/0/position = Vector3(-0.11894681, 93.60979, 0.80855054)
bones/0/rotation = Quaternion(-0.03063294, -0.047924135, -0.026559807, 0.9980278)
bones/1/rotation = Quaternion(-0.019985465, 0.013976327, 0.021905325, 0.9994626)
bones/2/rotation = Quaternion(0.010398706, 0.002438226, 0.013979144, 0.9998453)
bones/3/rotation = Quaternion(0.010383817, 0.002732383, 0.0141660655, 0.9998421)
bones/4/rotation = Quaternion(0.099126674, -0.0020150524, 0.00404668, 0.9950646)
bones/5/rotation = Quaternion(-0.071580134, 0.008523727, -0.0013698848, 0.9973975)
bones/6/rotation = Quaternion(-0.67844594, -0.3264921, 0.51705104, -0.40715143)
bones/7/rotation = Quaternion(0.48246342, 0.13713387, 0.06279995, 0.86283225)
bones/8/rotation = Quaternion(0.0012573872, -0.0020351757, 0.013973254, 0.9998995)
bones/9/rotation = Quaternion(0.068443865, -0.24308051, -0.021644495, 0.9673463)
bones/10/rotation = Quaternion(0.1724218, 0.079338655, 0.19047341, 0.96316975)
bones/11/rotation = Quaternion(-0.096307635, 0.07549369, -0.17248358, 0.97738177)
bones/12/rotation = Quaternion(-0.13304602, -0.068829484, 0.10181794, 0.9834604)
bones/13/rotation = Quaternion(0.05798935, 0.0033105197, 0.05840039, 0.99660206)
bones/14/rotation = Quaternion(0.150744, -0.00016950653, -0.023649301, 0.9882899)
bones/15/rotation = Quaternion(0.06989866, 0.00018117618, -0.009659979, 0.99750733)
bones/16/rotation = Quaternion(0.12759817, 0.0018405399, 0.024610396, 0.99151886)
bones/17/rotation = Quaternion(0.15107898, -3.4149566e-06, -0.025501138, 0.9881928)
bones/18/rotation = Quaternion(0.15926702, 0.0005702053, -0.01756812, 0.9870791)
bones/19/rotation = Quaternion(0.17397822, -0.0023849716, 0.008883391, 0.9847066)
bones/20/rotation = Quaternion(0.18111296, 0.0006905987, -0.027197285, 0.98308593)
bones/21/rotation = Quaternion(0.15407716, -0.0008345446, -0.014171704, 0.9879569)
bones/22/rotation = Quaternion(0.22351342, 0.0008691646, -0.009263634, 0.97465646)
bones/23/rotation = Quaternion(0.15068267, 0.00031942336, -0.024727872, 0.98827285)
bones/24/rotation = Quaternion(0.14264756, -0.00031797396, -0.013377581, 0.9896831)
bones/25/rotation = Quaternion(0.6780056, -0.324054, 0.53553694, 0.3853538)
bones/26/rotation = Quaternion(0.412457, -0.2301329, -0.081648536, 0.8776399)
bones/27/rotation = Quaternion(0.0058184396, 0.0021423034, -0.057706855, 0.9983143)
bones/28/rotation = Quaternion(0.07114078, 0.13089688, 0.049723607, 0.98758936)
bones/29/rotation = Quaternion(0.17660417, -0.07154836, -0.21500432, 0.95784396)
bones/30/rotation = Quaternion(-0.089469925, -0.062463768, 0.22703414, 0.9677546)
bones/31/rotation = Quaternion(-0.16568473, 0.063601375, -0.123591006, 0.9763344)
bones/32/rotation = Quaternion(0.05396547, -0.0036566525, -0.06451575, 0.9964498)
bones/33/rotation = Quaternion(0.1518108, 0.00022902671, 0.01871322, 0.9882324)
bones/34/rotation = Quaternion(0.07043597, -0.00017312788, 0.007653207, 0.997487)
bones/35/rotation = Quaternion(0.12479755, -0.002894808, -0.034119923, 0.99159116)
bones/36/rotation = Quaternion(0.15208599, 0.00022402959, 0.020003092, 0.98816484)
bones/37/rotation = Quaternion(0.15976231, -0.0005609926, 0.016695047, 0.9870142)
bones/38/rotation = Quaternion(0.17189296, 0.0021669776, -0.018988926, 0.9849303)
bones/39/rotation = Quaternion(0.18167256, -0.00047479937, 0.020877462, 0.98313737)
bones/40/rotation = Quaternion(0.15496601, 0.0005561116, 0.012566186, 0.9878398)
bones/41/rotation = Quaternion(0.22224337, -0.0046720235, -0.0042009214, 0.974971)
bones/42/rotation = Quaternion(0.15211655, 1.3005221e-05, 0.021039894, 0.9881387)
bones/43/rotation = Quaternion(0.14385892, -0.0002608426, 0.009070399, 0.98955667)
bones/44/rotation = Quaternion(-0.08628355, -0.039274562, 0.99527866, -0.02081151)
bones/45/rotation = Quaternion(-0.037188455, 0.086010434, -0.008363429, 0.9955648)
bones/46/rotation = Quaternion(0.5008331, 0.015520475, -0.026287751, 0.86500543)
bones/47/rotation = Quaternion(0.37315178, 0.07753288, -0.023237001, 0.9242329)
bones/48/rotation = Quaternion(0.13555756, 0.060987186, 0.9854266, -0.082699776)
bones/49/rotation = Quaternion(-0.11362533, -0.016177144, 0.01867329, 0.9932165)
bones/50/rotation = Quaternion(0.46470085, -0.028408166, -0.012385285, 0.8849253)
bones/51/rotation = Quaternion(0.36642098, -0.07530445, 0.024219675, 0.92708063)

[node name="mixamorigHead" parent="Player/Mesh/Node/Skeleton3D" index="0"]
transform = Transform3D(0.997876, -0.052475832, -0.038602103, 0.05278312, 0.9985814, 0.0069845766, 0.03818082, -0.009007275, 0.9992303, -0.6772236, 153.48256, -0.49505138)

[node name="mixamorigLeftHandThumb3" parent="Player/Mesh/Node/Skeleton3D" index="1"]
transform = Transform3D(0.2823202, 0.06962231, -0.95679045, -0.27939984, -0.94815755, -0.15143663, -0.9177314, 0.31008077, -0.2482317, 21.63813, 82.42608, 7.136967)

[node name="mixamorigLeftHandIndex3" parent="Player/Mesh/Node/Skeleton3D" index="2"]
transform = Transform3D(0.13094851, -0.52684414, -0.8398141, -0.03193976, -0.84891057, 0.5275705, -0.9908744, -0.042261183, -0.12799107, 23.182972, 75.77269, 6.283077)

[node name="mixamorigLeftHandMiddle3" parent="Player/Mesh/Node/Skeleton3D" index="3"]
transform = Transform3D(0.15074737, -0.756548, -0.6363257, 0.045727152, -0.63765615, 0.7689627, -0.9875139, -0.14501658, -0.06153038, 22.771019, 75.457634, 3.2436748)

[node name="mixamorigLeftHandRing3" parent="Player/Mesh/Node/Skeleton3D" index="4"]
transform = Transform3D(0.1505128, -0.83877444, -0.52326226, 0.07153058, -0.5186647, 0.85198015, -0.9860168, -0.16566327, -0.018067796, 22.94739, 76.759575, 0.8036916)

[node name="mixamorigLeftHandPinky3" parent="Player/Mesh/Node/Skeleton3D" index="5"]
transform = Transform3D(0.16336761, -0.84358, -0.51155025, 0.09758026, -0.5021571, 0.85925317, -0.98172754, -0.1902915, 0.00028041378, 23.118164, 78.65916, -1.4894823)

[node name="mixamorigRightHandThumb3" parent="Player/Mesh/Node/Skeleton3D" index="6"]
transform = Transform3D(0.5186999, -0.026462257, 0.8545468, 0.24197921, -0.9541069, -0.17642392, 0.81999785, 0.29829383, -0.48849183, -19.518833, 80.14602, 3.6608071)

[node name="mixamorigRightHandIndex3" parent="Player/Mesh/Node/Skeleton3D" index="7"]
transform = Transform3D(0.3922181, 0.50841093, 0.76660496, 0.03329788, -0.84068274, 0.5405028, 0.9192694, -0.18646868, -0.34666008, -21.139416, 73.277374, 3.168683)

[node name="mixamorigRightHandMiddle3" parent="Player/Mesh/Node/Skeleton3D" index="8"]
transform = Transform3D(0.41012427, 0.7017641, 0.5825163, -0.038968667, -0.6246363, 0.7799425, 0.91119677, -0.34257323, -0.22883175, -21.42236, 73.268654, 0.219571)

[node name="mixamorigRightHandRing3" parent="Player/Mesh/Node/Skeleton3D" index="9"]
transform = Transform3D(0.40480396, 0.7764026, 0.48304528, -0.062077977, -0.5037096, 0.86163926, 0.9122938, -0.3787815, -0.15570624, -22.389874, 74.5066, -2.0908053)

[node name="mixamorigRightHandPinky3" parent="Player/Mesh/Node/Skeleton3D" index="10"]
transform = Transform3D(0.41919655, 0.77640533, 0.470605, -0.08100991, -0.48429245, 0.8711473, 0.90427405, -0.40330556, -0.14011724, -23.037683, 76.66032, -4.194273)

[node name="mixamorigRightToeBase" parent="Player/Mesh/Node/Skeleton3D" index="11"]
transform = Transform3D(-0.8392345, -0.5432608, 0.023521498, -0.078845546, 0.16437268, 0.9832419, -0.5380231, 0.823316, -0.18078095, -16.082855, 1.4642725, 8.639576)

[node name="mixamorigLeftToeBase" parent="Player/Mesh/Node/Skeleton3D" index="12"]
transform = Transform3D(-0.9358828, 0.3517965, 0.019041844, 0.065263405, 0.119999856, 0.99062663, 0.34621388, 0.92835295, -0.13526526, 20.993572, 1.4528723, 19.118431)

[node name="AnimationTree" type="AnimationTree" parent="Player/Mesh" index="2"]
tree_root = SubResource("AnimationNodeBlendTree_qu338")
anim_player = NodePath("../AnimationPlayer")
parameters/BlendSpace1D/blend_position = -0.9950779

[node name="DirectionalLight3D" type="DirectionalLight3D" parent="."]
transform = Transform3D(0.99078107, -0.13126893, 0.03348929, 0.08189399, 0.77726245, 0.6238241, -0.1079187, -0.61533046, 0.780847, 0, 2.7950294, -3.8068964)
shadow_enabled = true
directional_shadow_split_1 = 0.04

[node name="Wall1" type="MeshInstance3D" parent="."]
transform = Transform3D(0.24755347, 0, 0, 0, 1.6817756, 0, 0, 0, 0.8378325, 4.152892, 1.8735204, 0)
mesh = SubResource("BoxMesh_km2bi")
surface_material_override/0 = SubResource("StandardMaterial3D_km2bi")

[node name="Wall" type="MeshInstance3D" parent="."]
transform = Transform3D(0.24755347, 0, 0, 0, 1.6817756, 0, 0, 0, 0.8378325, -2.770756, 1.8735204, 0)
mesh = SubResource("BoxMesh_km2bi")
surface_material_override/0 = SubResource("StandardMaterial3D_km2bi")

[node name="Wall2" type="MeshInstance3D" parent="."]
transform = Transform3D(-1.0820906e-08, 0, 0.60769844, 0, 1.6817756, 0, -0.24755347, 0, -2.6563344e-08, 0.67429256, 1.8735204, -4.862115)
mesh = SubResource("BoxMesh_km2bi")
surface_material_override/0 = SubResource("StandardMaterial3D_km2bi")

[node name="Wall3" type="MeshInstance3D" parent="."]
transform = Transform3D(-1.0820906e-08, 0, 0.5948301, 0, 1.6817756, 0, -0.24755347, 0, -2.600085e-08, 0.64857316, 1.8735204, 4.9290066)
mesh = SubResource("BoxMesh_km2bi")
surface_material_override/0 = SubResource("StandardMaterial3D_km2bi")

[node name="OmniLight3D" type="OmniLight3D" parent="."]
transform = Transform3D(1, 0, 0, 0, 1, 0, 0, 0, 1, 1.052366, 3.7696295, 0.018387556)
omni_range = 11.245

[node name="Floor2" type="StaticBody3D" parent="."]
transform = Transform3D(1, 0, 0, 0, 1, 0, 0, 0, 1, 0, 2.4861994, 0)

[node name="CollisionShape3D" type="CollisionShape3D" parent="Floor2"]
transform = Transform3D(1, 0, 0, 0, 1, 0, 0, 0, 1, 0, 0.7067168, 0)
shape = SubResource("BoxShape3D_5hk42")

[node name="MeshInstance3D" type="MeshInstance3D" parent="Floor2"]
transform = Transform3D(15, 0, 0, 0, 1, 0, 0, 0, 15, 0.59353733, 0.8111197, 0.024286985)
mesh = SubResource("BoxMesh_ob7o4")
skeleton = NodePath("../../Floor2")
surface_material_override/0 = SubResource("StandardMaterial3D_dyl4d")

[editable path="Player"]
[editable path="Player/Mesh"]
