[gd_scene load_steps=5 format=3 uid="uid://dqw8f5rjx5o66"]

[ext_resource type="Script" uid="uid://6eko8fnsj3c6" path="res://meshes/character/scripts/principal_player.gd" id="1_e3ta6"]
[ext_resource type="PackedScene" uid="uid://0t7ej0xwqcnq" path="res://meshes/character/models/character_anim.gltf" id="1_vlbet"]
[ext_resource type="Script" uid="uid://dgfy46xf70b8w" path="res://meshes/character/camerascript.gd" id="3_r8grn"]

[sub_resource type="BoxShape3D" id="BoxShape3D_r8grn"]
size = Vector3(0.55, 1.645, 0.36)

[node name="Player" type="CharacterBody3D"]
transform = Transform3D(-1, 0, -1.509958e-07, 0, 1, 0, 1.509958e-07, 0, -1, 0, 0, 0)
script = ExtResource("1_e3ta6")

[node name="CollisionShape3D" type="CollisionShape3D" parent="."]
shape = SubResource("BoxShape3D_r8grn")

[node name="Mesh" parent="." instance=ExtResource("1_vlbet")]
transform = Transform3D(0.01, 0, 0, 0, 0.01, 0, 0, 0, 0.01, 0, 0, 0)

[node name="Skeleton3D" parent="Mesh/Node" index="0"]
bones/0/position = Vector3(0.24031472, 87.58193, 1.5466046)
bones/0/rotation = Quaternion(0.04686134, 0.026016904, -0.02235447, 0.99831235)
bones/1/rotation = Quaternion(-0.007448721, 0.011034467, 0.010403885, 0.9998573)
bones/2/rotation = Quaternion(0.08624405, 0.02120715, 0.019309567, 0.9958611)
bones/3/rotation = Quaternion(0.08624412, 0.021207158, 0.019309567, 0.9958611)
bones/4/rotation = Quaternion(-0.014676761, -0.027494559, -0.0033866195, 0.9995085)
bones/5/rotation = Quaternion(-0.11944657, -0.06924844, -0.037521984, 0.9897117)
bones/6/rotation = Quaternion(-0.58592033, -0.40561286, 0.5862822, -0.38529056)
bones/7/rotation = Quaternion(0.41419497, 0.053093057, -0.27143744, 0.8671478)
bones/8/rotation = Quaternion(0.14646703, 0.0686414, 0.77377826, 0.6124565)
bones/9/rotation = Quaternion(0.007618006, 0.13477558, 0.12760934, 0.98259526)
bones/10/rotation = Quaternion(0.25978187, 0.06340714, 0.27698216, 0.92291594)
bones/11/rotation = Quaternion(-0.006679224, -0.0056014773, -0.036300067, 0.999303)
bones/12/rotation = Quaternion(-0.0011122916, -0.009204164, 0.101441674, 0.9947983)
bones/13/rotation = Quaternion(0.621075, 0.029328369, 0.084023185, 0.7786821)
bones/14/rotation = Quaternion(0.68132585, -0.015077606, 0.040325362, 0.7307131)
bones/15/rotation = Quaternion(6.8194936e-08, -1.6978736e-05, -0.0004334929, 0.9999999)
bones/16/rotation = Quaternion(0.6454209, 0.020251926, 0.0729104, 0.76006955)
bones/17/rotation = Quaternion(0.6406221, -0.0039369995, 0.041690614, 0.7667137)
bones/18/rotation = Quaternion(-3.8605046e-07, 0.0001429045, 0.0034729305, 0.999994)
bones/19/rotation = Quaternion(0.6743445, -0.020836405, 0.00403427, 0.73811185)
bones/20/rotation = Quaternion(0.659878, 0.007637906, 0.017522356, 0.75112957)
bones/21/rotation = Quaternion(-1.0736599e-06, -0.0004102041, 0.008346058, 0.9999651)
bones/22/rotation = Quaternion(0.70881516, -0.05788517, -0.036202617, 0.70208246)
bones/23/rotation = Quaternion(0.7197008, 0.031134274, 0.01595057, 0.6934026)
bones/24/rotation = Quaternion(-1.7307302e-07, -0.00015592285, 0.0074614096, 0.99997216)
bones/25/rotation = Quaternion(0.61157507, -0.3834433, 0.5663635, 0.39771792)
bones/26/rotation = Quaternion(0.34552765, 0.008893737, 0.1378034, 0.92819285)
bones/27/rotation = Quaternion(0.118503325, -0.008121118, -0.69197446, 0.71208316)
bones/28/rotation = Quaternion(0.028110743, -0.03976224, 0.0035096274, 0.9988075)
bones/29/rotation = Quaternion(0.27510026, -0.089827776, -0.23298812, 0.92842203)
bones/30/rotation = Quaternion(-0.0069789025, 0.0075231204, 0.029758517, 0.9995045)
bones/31/rotation = Quaternion(-0.0009662824, 0.008399125, -0.12932767, 0.9915659)
bones/32/rotation = Quaternion(0.58618826, -0.06893588, -0.035770625, 0.8064438)
bones/33/rotation = Quaternion(0.719028, 0.016112305, -0.036670484, 0.6938259)
bones/34/rotation = Quaternion(1.13402656e-07, 2.3198734e-05, 0.0005554609, 0.9999998)
bones/35/rotation = Quaternion(0.62462467, -0.027853493, -0.057911318, 0.7782766)
bones/36/rotation = Quaternion(0.68023527, 0.0057883305, -0.040010683, 0.7318781)
bones/37/rotation = Quaternion(1.983299e-07, 5.9744587e-05, 0.00086928485, 0.99999964)
bones/38/rotation = Quaternion(0.67566633, 0.009635927, -0.021186747, 0.73684007)
bones/39/rotation = Quaternion(0.69731724, -0.0065542273, -0.042025086, 0.7154995)
bones/40/rotation = Quaternion(-4.9926746e-07, 0.0002294331, -0.0052722865, 0.99998605)
bones/41/rotation = Quaternion(0.7532642, 0.038533926, -0.0012245972, 0.6565871)
bones/42/rotation = Quaternion(0.7520495, -0.03215861, -0.06652397, 0.65495193)
bones/43/rotation = Quaternion(-1.9866079e-07, -0.00012946443, -0.0064401478, 0.99997926)
bones/44/rotation = Quaternion(-0.037100937, 0.1437101, 0.98841923, -0.03159558)
bones/45/rotation = Quaternion(-0.4066486, -0.0045645116, 0.0065100743, 0.9135501)
bones/46/rotation = Quaternion(0.6647442, -0.004239106, -0.053011138, 0.74517584)
bones/47/rotation = Quaternion(0.40588117, 0.033073843, 0.08086949, 0.9097399)
bones/48/rotation = Quaternion(0.04350111, 0.31980574, 0.94623077, 0.021893412)
bones/49/rotation = Quaternion(-0.76613426, -0.05757015, 0.09421247, 0.6331257)
bones/50/rotation = Quaternion(0.5835569, 0.021280842, 0.082757786, 0.807564)
bones/51/rotation = Quaternion(0.32679796, -0.120210946, -0.016234841, 0.93727744)

[node name="mixamorigHead" parent="Mesh/Node/Skeleton3D" index="0"]
transform = Transform3D(0.99777305, 0.05793653, -0.033051714, -0.06241614, 0.9857285, -0.15634423, 0.023522004, 0.15805894, 0.98714954, 1.0920945, 144.55695, 18.2554)

[node name="mixamorigLeftHandThumb3" parent="Mesh/Node/Skeleton3D" index="1"]
transform = Transform3D(0.19453195, -0.65147203, -0.7333086, -0.97003675, -0.016836416, -0.24237366, 0.1455534, 0.75848615, -0.63522714, 19.509922, 105.174995, 14.479021)

[node name="mixamorigLeftHandIndex3" parent="Mesh/Node/Skeleton3D" index="2"]
transform = Transform3D(0.26002723, -0.27297208, 0.926214, -0.87726927, 0.33401054, 0.3447254, -0.40346566, -0.90217733, -0.15261818, 21.535715, 103.10065, 13.296776)

[node name="mixamorigLeftHandMiddle3" parent="Mesh/Node/Skeleton3D" index="3"]
transform = Transform3D(0.24006516, -0.32479927, 0.9148083, -0.8731841, 0.3395141, 0.3496852, -0.424168, -0.8827435, -0.20210406, 22.074259, 101.11682, 11.789919)

[node name="mixamorigLeftHandRing3" parent="Mesh/Node/Skeleton3D" index="4"]
transform = Transform3D(0.29236242, -0.25294927, 0.9222476, -0.79636526, 0.4695324, 0.38123715, -0.52945894, -0.8459058, -0.06416645, 23.983652, 99.588455, 11.15065)

[node name="mixamorigLeftHandPinky3" parent="Mesh/Node/Skeleton3D" index="5"]
transform = Transform3D(0.2682559, -0.030663786, 0.96285975, -0.7550746, 0.6140024, 0.22992006, -0.5982485, -0.7887085, 0.14155649, 25.387228, 98.61354, 9.4854555)

[node name="mixamorigRightHandThumb3" parent="Mesh/Node/Skeleton3D" index="6"]
transform = Transform3D(0.09151647, 0.8258871, 0.5563588, 0.9945954, -0.10332017, -0.010229481, 0.049034566, 0.5542883, -0.8308793, -16.321941, 96.03291, 27.133558)

[node name="mixamorigRightHandIndex3" parent="Mesh/Node/Skeleton3D" index="7"]
transform = Transform3D(0.3862448, 0.013035821, -0.922304, 0.77619845, 0.53560615, 0.33262873, 0.4983279, -0.8443673, 0.19675668, -18.412224, 93.925896, 26.28364)

[node name="mixamorigRightHandMiddle3" parent="Mesh/Node/Skeleton3D" index="8"]
transform = Transform3D(0.28457692, 0.037146796, -0.95793307, 0.79030013, 0.55651236, 0.25635818, 0.54262453, -0.8300087, 0.12901346, -19.212284, 92.85912, 24.433596)

[node name="mixamorigRightHandRing3" parent="Mesh/Node/Skeleton3D" index="9"]
transform = Transform3D(0.285236, -0.093517005, -0.95388407, 0.7199713, 0.6778567, 0.14883432, 0.63267833, -0.7292221, 0.2606787, -21.144657, 91.29581, 23.944777)

[node name="mixamorigRightHandPinky3" parent="Mesh/Node/Skeleton3D" index="10"]
transform = Transform3D(0.24871778, -0.41615036, -0.87461865, 0.6437034, 0.7457462, -0.17178005, 0.7237302, -0.52027047, 0.4533578, -23.036724, 90.85118, 22.230165)

[node name="mixamorigRightToeBase" parent="Mesh/Node/Skeleton3D" index="11"]
transform = Transform3D(-0.9916857, 0.11465986, -0.058421224, -0.049278423, 0.081015736, 0.995494, 0.11887621, 0.99009585, -0.07469186, -7.459885, 1.3353672, -0.5588131)

[node name="mixamorigLeftToeBase" parent="Mesh/Node/Skeleton3D" index="12"]
transform = Transform3D(-0.96023494, 0.2491796, 0.12593102, -0.10597624, -0.74259806, 0.66130006, 0.25829858, 0.6216576, 0.7394753, 6.9246135, 17.934065, -12.705339)

[node name="Camera3D" type="Camera3D" parent="."]
transform = Transform3D(-1, 4.8894435e-08, -1.1349981e-07, 4.8894435e-08, 1, 1.23165375e-14, 1.1349981e-07, 6.7670284e-15, -1, -4.225256e-08, 0.59771985, 0.15030073)
current = true
fov = 70.0
near = 0.001
script = ExtResource("3_r8grn")

[editable path="Mesh"]
