[gd_scene load_steps=10 format=3 uid="uid://dqw8f5rjx5o66"]

[ext_resource type="Script" uid="uid://6eko8fnsj3c6" path="res://meshes/character/scripts/principal_player.gd" id="1_e3ta6"]
[ext_resource type="PackedScene" uid="uid://0t7ej0xwqcnq" path="res://meshes/character/models/character_anim.gltf" id="1_vlbet"]
[ext_resource type="Script" uid="uid://dgfy46xf70b8w" path="res://meshes/character/camerascript.gd" id="3_r8grn"]

[sub_resource type="CapsuleShape3D" id="CapsuleShape3D_e3ta6"]

[sub_resource type="GDScript" id="GDScript_r8grn"]

[sub_resource type="AnimationNodeAnimation" id="AnimationNodeAnimation_r8grn"]
animation = &"Idle"
script = SubResource("GDScript_r8grn")

[sub_resource type="AnimationNodeAnimation" id="AnimationNodeAnimation_ajs73"]
animation = &"Run"

[sub_resource type="AnimationNodeStateMachineTransition" id="AnimationNodeStateMachineTransition_fmybs"]
advance_mode = 2

[sub_resource type="AnimationNodeStateMachine" id="AnimationNodeStateMachine_kwwwf"]
states/Idle/node = SubResource("AnimationNodeAnimation_r8grn")
states/Idle/position = Vector2(378, 110)
states/Run/node = SubResource("AnimationNodeAnimation_ajs73")
states/Run/position = Vector2(516, 110)
transitions = ["Idle", "Run", SubResource("AnimationNodeStateMachineTransition_fmybs")]

[node name="Player" type="CharacterBody3D"]
transform = Transform3D(-1, 0, -1.509958e-07, 0, 1, 0, 1.509958e-07, 0, -1, 0, 0, 0)
script = ExtResource("1_e3ta6")

[node name="CollisionShape3D" type="CollisionShape3D" parent="."]
shape = SubResource("CapsuleShape3D_e3ta6")

[node name="Mesh" parent="." instance=ExtResource("1_vlbet")]
transform = Transform3D(0.01, 0, 0, 0, 0.01, 0, 0, 0, 0.01, 0, 0, 0)

[node name="Skeleton3D" parent="Mesh/Node" index="0"]
bones/0/position = Vector3(0.24031472, 87.58193, 1.5466046)
bones/0/rotation = Quaternion(0.046861336, 0.026016902, -0.02235447, 0.9983123)
bones/1/rotation = Quaternion(-0.007448721, 0.011034467, 0.010403885, 0.9998573)
bones/2/rotation = Quaternion(0.08624405, 0.02120715, 0.019309567, 0.9958611)
bones/3/rotation = Quaternion(0.08624412, 0.021207158, 0.019309567, 0.9958611)
bones/4/rotation = Quaternion(-0.014676755, -0.027494555, -0.00338662, 0.99950844)
bones/5/rotation = Quaternion(-0.11944657, -0.06924844, -0.037521984, 0.9897117)
bones/6/rotation = Quaternion(-0.58592033, -0.40561286, 0.5862822, -0.38529056)
bones/7/rotation = Quaternion(0.41419503, 0.05309307, -0.2714375, 0.86714786)
bones/8/rotation = Quaternion(0.14646703, 0.0686414, 0.77377826, 0.6124565)
bones/9/rotation = Quaternion(0.007617911, 0.13477564, 0.12760937, 0.98259526)
bones/10/rotation = Quaternion(0.25978187, 0.06340714, 0.27698216, 0.92291594)
bones/11/rotation = Quaternion(-0.006679224, -0.0056014773, -0.036300067, 0.999303)
bones/12/rotation = Quaternion(-0.0011122916, -0.009204164, 0.101441674, 0.9947983)
bones/13/rotation = Quaternion(0.6210739, 0.029339157, 0.08404094, 0.77868074)
bones/14/rotation = Quaternion(0.6813258, -0.015077414, 0.04032554, 0.7307132)
bones/15/rotation = Quaternion(6.8194936e-08, -1.6978736e-05, -0.0004334929, 0.9999999)
bones/16/rotation = Quaternion(0.64541566, 0.020261204, 0.07298745, 0.7600665)
bones/17/rotation = Quaternion(0.6406192, -0.003930086, 0.041730084, 0.7667139)
bones/18/rotation = Quaternion(-3.8605046e-07, 0.0001429045, 0.0034729305, 0.999994)
bones/19/rotation = Quaternion(0.67434746, -0.020848801, 0.0039494317, 0.73810923)
bones/20/rotation = Quaternion(0.6598791, 0.0076319454, 0.01748618, 0.7511296)
bones/21/rotation = Quaternion(-1.0736599e-06, -0.0004102041, 0.008346058, 0.9999651)
bones/22/rotation = Quaternion(0.70881456, -0.057907995, -0.03623551, 0.70207953)
bones/23/rotation = Quaternion(0.7197014, 0.031127663, 0.015934562, 0.6934025)
bones/24/rotation = Quaternion(-1.7307302e-07, -0.00015592285, 0.0074614096, 0.99997216)
bones/25/rotation = Quaternion(0.61157507, -0.3834433, 0.5663635, 0.39771792)
bones/26/rotation = Quaternion(0.34552756, 0.008893716, 0.13780347, 0.92819273)
bones/27/rotation = Quaternion(0.11850333, -0.008121085, -0.69197434, 0.71208334)
bones/28/rotation = Quaternion(0.028110668, -0.039762303, 0.003509602, 0.9988075)
bones/29/rotation = Quaternion(0.27510026, -0.08982768, -0.23298812, 0.92842203)
bones/30/rotation = Quaternion(-0.00697924, 0.0075204796, 0.029758517, 0.9995045)
bones/31/rotation = Quaternion(-0.0009662824, 0.008399125, -0.12932767, 0.9915659)
bones/32/rotation = Quaternion(0.5861882, -0.06893586, -0.03577078, 0.80644387)
bones/33/rotation = Quaternion(0.719028, 0.016112043, -0.03667097, 0.6938259)
bones/34/rotation = Quaternion(1.13402656e-07, 2.3198734e-05, 0.0005554609, 0.9999998)
bones/35/rotation = Quaternion(0.6246251, -0.02782578, -0.05792531, 0.7782762)
bones/36/rotation = Quaternion(0.6802368, 0.005804165, -0.03998497, 0.73187804)
bones/37/rotation = Quaternion(1.983299e-07, 5.9744587e-05, 0.00086928485, 0.99999964)
bones/38/rotation = Quaternion(0.6756641, 0.009614035, -0.021231005, 0.73684114)
bones/39/rotation = Quaternion(0.6973143, -0.006579548, -0.042068545, 0.7154997)
bones/40/rotation = Quaternion(-4.9926746e-07, 0.0002294331, -0.0052722865, 0.99998605)
bones/41/rotation = Quaternion(0.75326395, 0.038514074, -0.0012499677, 0.6565886)
bones/42/rotation = Quaternion(0.7520495, -0.03215866, -0.06652413, 0.65495193)
bones/43/rotation = Quaternion(-1.9866079e-07, -0.00012946443, -0.0064401478, 0.99997926)
bones/44/rotation = Quaternion(-0.03710094, 0.14371014, 0.9884193, -0.031595573)
bones/45/rotation = Quaternion(-0.4066486, -0.004564513, 0.006510074, 0.91355)
bones/46/rotation = Quaternion(0.6647442, -0.004239106, -0.053011138, 0.74517584)
bones/47/rotation = Quaternion(0.4058812, 0.03307384, 0.080869496, 0.90974)
bones/48/rotation = Quaternion(0.04350111, 0.31980574, 0.94623077, 0.021893412)
bones/49/rotation = Quaternion(-0.76613426, -0.05757015, 0.09421247, 0.6331257)
bones/50/rotation = Quaternion(0.58355683, 0.021280846, 0.082757786, 0.807564)
bones/51/rotation = Quaternion(0.32679796, -0.12021093, -0.016234854, 0.93727744)

[node name="mixamorigHead" parent="Mesh/Node/Skeleton3D" index="0"]
transform = Transform3D(0.99777305, 0.057936534, -0.03305172, -0.062416133, 0.9857285, -0.1563442, 0.023522012, 0.15805888, 0.98714954, 1.0920945, 144.55695, 18.255398)

[node name="mixamorigLeftHandThumb3" parent="Mesh/Node/Skeleton3D" index="1"]
transform = Transform3D(0.19453222, -0.651472, -0.73330855, -0.9700368, -0.016836355, -0.2423739, 0.14555359, 0.758486, -0.635227, 19.509928, 105.175, 14.479023)

[node name="mixamorigLeftHandIndex3" parent="Mesh/Node/Skeleton3D" index="2"]
transform = Transform3D(0.2600216, -0.2729593, 0.92621917, -0.87728816, 0.33397815, 0.34470904, -0.40342847, -0.902193, -0.1526224, 21.535744, 103.10059, 13.296742)

[node name="mixamorigLeftHandMiddle3" parent="Mesh/Node/Skeleton3D" index="3"]
transform = Transform3D(0.2399094, -0.3247848, 0.9148542, -0.87326324, 0.33947885, 0.34952185, -0.42409298, -0.8827624, -0.2021785, 22.074198, 101.11702, 11.790015)

[node name="mixamorigLeftHandRing3" parent="Mesh/Node/Skeleton3D" index="4"]
transform = Transform3D(0.29251197, -0.2529729, 0.92219377, -0.7962626, 0.46958798, 0.38138324, -0.52953076, -0.8458679, -0.064072765, 23.9837, 99.58839, 11.150591)

[node name="mixamorigLeftHandPinky3" parent="Mesh/Node/Skeleton3D" index="5"]
transform = Transform3D(0.26829556, -0.030684438, 0.9628479, -0.7550237, 0.6140521, 0.22995459, -0.5982948, -0.788669, 0.1415801, 25.3872, 98.61364, 9.485523)

[node name="mixamorigRightHandThumb3" parent="Mesh/Node/Skeleton3D" index="6"]
transform = Transform3D(0.09151963, 0.8258872, 0.55635804, 0.99459547, -0.10332031, -0.010234591, 0.049030386, 0.554288, -0.8308797, -16.321949, 96.032906, 27.133553)

[node name="mixamorigRightHandIndex3" parent="Mesh/Node/Skeleton3D" index="7"]
transform = Transform3D(0.3862438, 0.0130363, -0.92230445, 0.77619874, 0.53560627, 0.33262792, 0.49832857, -0.8443672, 0.19675589, -18.412231, 93.92589, 26.283632)

[node name="mixamorigRightHandMiddle3" parent="Mesh/Node/Skeleton3D" index="8"]
transform = Transform3D(0.28458023, 0.037150826, -0.957932, 0.7902916, 0.5565232, 0.25636122, 0.5426355, -0.8300011, 0.12901554, -19.212214, 92.85931, 24.433718)

[node name="mixamorigRightHandRing3" parent="Mesh/Node/Skeleton3D" index="9"]
transform = Transform3D(0.28510132, -0.09353855, -0.9539222, 0.7200349, 0.67781115, 0.14873475, 0.63266677, -0.7292618, 0.26059595, -21.144688, 91.29574, 23.944723)

[node name="mixamorigRightHandPinky3" parent="Mesh/Node/Skeleton3D" index="10"]
transform = Transform3D(0.2486962, -0.41617328, -0.874614, 0.64375156, 0.74570405, -0.17178272, 0.72369486, -0.52031255, 0.453366, -23.03678, 90.85108, 22.230066)

[node name="mixamorigRightToeBase" parent="Mesh/Node/Skeleton3D" index="11"]
transform = Transform3D(-0.99168545, 0.114659876, -0.058421202, -0.049278423, 0.08101562, 0.99549365, 0.11887625, 0.99009585, -0.07469183, -7.459886, 1.335392, -0.55881214)

[node name="mixamorigLeftToeBase" parent="Mesh/Node/Skeleton3D" index="12"]
transform = Transform3D(-0.96023494, 0.24917957, 0.12593102, -0.10597623, -0.74259806, 0.6613, 0.25829855, 0.62165755, 0.73947537, 6.9246135, 17.934067, -12.70534)

[node name="AnimationPlayer" parent="Mesh" index="1"]
autoplay = "Idle"

[node name="AnimationTree" type="AnimationTree" parent="Mesh"]
tree_root = SubResource("AnimationNodeStateMachine_kwwwf")
advance_expression_base_node = NodePath("../..")
anim_player = NodePath("../AnimationPlayer")

[node name="Camera3D" type="Camera3D" parent="."]
transform = Transform3D(-1, 0, -8.742278e-08, 0, 1, 0, 8.742278e-08, 0, -1, -1.8805562e-08, 0.66350937, 0.1245436)
script = ExtResource("3_r8grn")

[editable path="Mesh"]
